001000000001000100001000010000010000010010000000000000000000000
  3        1   1    2    2     3     3  4
            2   6    1    6     2     8  1

  1        0   0    1    0     0     0  1
  1        0   0    0    1     0     1  0
  0        1   0    1    0     0     1  0
  0        1   0    0    1     0     0  1
  0        0   1    1    1     0     0  0
  0        0   0    0    0     1     1  1

  10010001
  10001010
  01010010
  01001001
  00111000
  00000111

  00111000
  00000111
  10010001
  01001001
  01010010
  10001010

  11010000
  00000111
  00011001
  01100001
  00110010
  01001010


