2 4 8
3 9 27
4 16 64
5 25 125
6 36 216
7 49 343
8 64 512
9 81 729
10 1 1
11 2 2
12 5 9
13 10 28
14 17 65
15 26 126
16 37 217
17 50 344
18 65 513
19 82 730
20 4 8
21 5 9
22 8 16
23 13 35
24 20 72
25 29 133
26 40 224
27 53 351
28 68 520
29 85 737
30 9 27
31 10 28
32 13 35
33 18 54
34 25 91
35 34 152
36 45 243
37 58 370
38 73 539
39 90 756
40 16 64
41 17 65
42 20 72
43 25 91
44 32 128
45 41 189
46 52 280
47 65 407
48 80 576
49 97 793
50 25 125
51 26 126
52 29 133
53 34 152
54 41 189
55 50 250
56 61 341
57 74 468
58 89 637
59 106 854
60 36 216
61 37 217
62 40 224
63 45 243
64 52 280
65 61 341
66 72 432
67 85 559
68 100 728
69 117 945
70 49 343
71 50 344
72 53 351
73 58 370
74 65 407
75 74 468
76 85 559
77 98 686
78 113 855
79 130 1072
80 64 512
81 65 513
82 68 520
83 73 539
84 80 576
85 89 637
86 100 728
87 113 855
88 128 1024
89 145 1241
90 81 729
91 82 730
92 85 737
93 90 756
94 97 793
95 106 854
96 117 945
97 130 1072
98 145 1241
99 162 1458
100 1 1
101 2 2
102 5 9
103 10 28
104 17 65
105 26 126
106 37 217
107 50 344
108 65 513
109 82 730
110 2 2
111 3 3
112 6 10
113 11 29
114 18 66
115 27 127
116 38 218
117 51 345
118 66 514
119 83 731
120 5 9
121 6 10
122 9 17
123 14 36
124 21 73
125 30 134
126 41 225
127 54 352
128 69 521
129 86 738
130 10 28
131 11 29
132 14 36
133 19 55
134 26 92
135 35 153
136 46 244
137 59 371
138 74 540
139 91 757
140 17 65
141 18 66
142 21 73
143 26 92
144 33 129
145 42 190
146 53 281
147 66 408
148 81 577
149 98 794
150 26 126
151 27 127
152 30 134
153 35 153
154 42 190
155 51 251
156 62 342
157 75 469
158 90 638
159 107 855
160 37 217
161 38 218
162 41 225
163 46 244
164 53 281
165 62 342
166 73 433
167 86 560
168 101 729
169 118 946
170 50 344
171 51 345
172 54 352
173 59 371
174 66 408
175 75 469
176 86 560
177 99 687
178 114 856
179 131 1073
180 65 513
181 66 514
182 69 521
183 74 540
184 81 577
185 90 638
186 101 729
187 114 856
188 129 1025
189 146 1242
190 82 730
191 83 731
192 86 738
193 91 757
194 98 794
195 107 855
196 118 946
197 131 1073
198 146 1242
199 163 1459
200 4 8
201 5 9
202 8 16
203 13 35
204 20 72
205 29 133
206 40 224
207 53 351
208 68 520
209 85 737
210 5 9
211 6 10
212 9 17
213 14 36
214 21 73
215 30 134
216 41 225
217 54 352
218 69 521
219 86 738
220 8 16
221 9 17
222 12 24
223 17 43
224 24 80
225 33 141
226 44 232
227 57 359
228 72 528
229 89 745
230 13 35
231 14 36
232 17 43
233 22 62
234 29 99
235 38 160
236 49 251
237 62 378
238 77 547
239 94 764
240 20 72
241 21 73
242 24 80
243 29 99
244 36 136
245 45 197
246 56 288
247 69 415
248 84 584
249 101 801
250 29 133
251 30 134
252 33 141
253 38 160
254 45 197
255 54 258
256 65 349
257 78 476
258 93 645
259 110 862
260 40 224
261 41 225
262 44 232
263 49 251
264 56 288
265 65 349
266 76 440
267 89 567
268 104 736
269 121 953
270 53 351
271 54 352
272 57 359
273 62 378
274 69 415
275 78 476
276 89 567
277 102 694
278 117 863
279 134 1080
280 68 520
281 69 521
282 72 528
283 77 547
284 84 584
285 93 645
286 104 736
287 117 863
288 132 1032
289 149 1249
290 85 737
291 86 738
292 89 745
293 94 764
294 101 801
295 110 862
296 121 953
297 134 1080
298 149 1249
299 166 1466
300 9 27
301 10 28
302 13 35
303 18 54
304 25 91
305 34 152
306 45 243
307 58 370
308 73 539
309 90 756
310 10 28
311 11 29
312 14 36
313 19 55
314 26 92
315 35 153
316 46 244
317 59 371
318 74 540
319 91 757
320 13 35
321 14 36
322 17 43
323 22 62
324 29 99
325 38 160
326 49 251
327 62 378
328 77 547
329 94 764
330 18 54
331 19 55
332 22 62
333 27 81
334 34 118
335 43 179
336 54 270
337 67 397
338 82 566
339 99 783
340 25 91
341 26 92
342 29 99
343 34 118
344 41 155
345 50 216
346 61 307
347 74 434
348 89 603
349 106 820
350 34 152
351 35 153
352 38 160
353 43 179
354 50 216
355 59 277
356 70 368
357 83 495
358 98 664
359 115 881
360 45 243
361 46 244
362 49 251
363 54 270
364 61 307
365 70 368
366 81 459
367 94 586
368 109 755
369 126 972
370 58 370
371 59 371
372 62 378
373 67 397
374 74 434
375 83 495
376 94 586
377 107 713
378 122 882
379 139 1099
380 73 539
381 74 540
382 77 547
383 82 566
384 89 603
385 98 664
386 109 755
387 122 882
388 137 1051
389 154 1268
390 90 756
391 91 757
392 94 764
393 99 783
394 106 820
395 115 881
396 126 972
397 139 1099
398 154 1268
399 171 1485
400 16 64
401 17 65
402 20 72
403 25 91
404 32 128
405 41 189
406 52 280
407 65 407
408 80 576
409 97 793
410 17 65
411 18 66
412 21 73
413 26 92
414 33 129
415 42 190
416 53 281
417 66 408
418 81 577
419 98 794
420 20 72
421 21 73
422 24 80
423 29 99
424 36 136
425 45 197
426 56 288
427 69 415
428 84 584
429 101 801
430 25 91
431 26 92
432 29 99
433 34 118
434 41 155
435 50 216
436 61 307
437 74 434
438 89 603
439 106 820
440 32 128
441 33 129
442 36 136
443 41 155
444 48 192
445 57 253
446 68 344
447 81 471
448 96 640
449 113 857
450 41 189
451 42 190
452 45 197
453 50 216
454 57 253
455 66 314
456 77 405
457 90 532
458 105 701
459 122 918
460 52 280
461 53 281
462 56 288
463 61 307
464 68 344
465 77 405
466 88 496
467 101 623
468 116 792
469 133 1009
470 65 407
471 66 408
472 69 415
473 74 434
474 81 471
475 90 532
476 101 623
477 114 750
478 129 919
479 146 1136
480 80 576
481 81 577
482 84 584
483 89 603
484 96 640
485 105 701
486 116 792
487 129 919
488 144 1088
489 161 1305
490 97 793
491 98 794
492 101 801
493 106 820
494 113 857
495 122 918
496 133 1009
497 146 1136
498 161 1305
499 178 1522
500 25 125
501 26 126
502 29 133
503 34 152
504 41 189
505 50 250
506 61 341
507 74 468
508 89 637
509 106 854
510 26 126
511 27 127
512 30 134
513 35 153
514 42 190
515 51 251
516 62 342
517 75 469
518 90 638
519 107 855
520 29 133
521 30 134
522 33 141
523 38 160
524 45 197
525 54 258
526 65 349
527 78 476
528 93 645
529 110 862
530 34 152
531 35 153
532 38 160
533 43 179
534 50 216
535 59 277
536 70 368
537 83 495
538 98 664
539 115 881
540 41 189
541 42 190
542 45 197
543 50 216
544 57 253
545 66 314
546 77 405
547 90 532
548 105 701
549 122 918
550 50 250
551 51 251
552 54 258
553 59 277
554 66 314
555 75 375
556 86 466
557 99 593
558 114 762
559 131 979
560 61 341
561 62 342
562 65 349
563 70 368
564 77 405
565 86 466
566 97 557
567 110 684
568 125 853
569 142 1070
570 74 468
571 75 469
572 78 476
573 83 495
574 90 532
575 99 593
576 110 684
577 123 811
578 138 980
579 155 1197
580 89 637
581 90 638
582 93 645
583 98 664
584 105 701
585 114 762
586 125 853
587 138 980
588 153 1149
589 170 1366
590 106 854
591 107 855
592 110 862
593 115 881
594 122 918
595 131 979
596 142 1070
597 155 1197
598 170 1366
599 187 1583
600 36 216
601 37 217
602 40 224
603 45 243
604 52 280
605 61 341
606 72 432
607 85 559
608 100 728
609 117 945
610 37 217
611 38 218
612 41 225
613 46 244
614 53 281
615 62 342
616 73 433
617 86 560
618 101 729
619 118 946
620 40 224
621 41 225
622 44 232
623 49 251
624 56 288
625 65 349
626 76 440
627 89 567
628 104 736
629 121 953
630 45 243
631 46 244
632 49 251
633 54 270
634 61 307
635 70 368
636 81 459
637 94 586
638 109 755
639 126 972
640 52 280
641 53 281
642 56 288
643 61 307
644 68 344
645 77 405
646 88 496
647 101 623
648 116 792
649 133 1009
650 61 341
651 62 342
652 65 349
653 70 368
654 77 405
655 86 466
656 97 557
657 110 684
658 125 853
659 142 1070
660 72 432
661 73 433
662 76 440
663 81 459
664 88 496
665 97 557
666 108 648
667 121 775
668 136 944
669 153 1161
670 85 559
671 86 560
672 89 567
673 94 586
674 101 623
675 110 684
676 121 775
677 134 902
678 149 1071
679 166 1288
680 100 728
681 101 729
682 104 736
683 109 755
684 116 792
685 125 853
686 136 944
687 149 1071
688 164 1240
689 181 1457
690 117 945
691 118 946
692 121 953
693 126 972
694 133 1009
695 142 1070
696 153 1161
697 166 1288
698 181 1457
699 198 1674
700 49 343
701 50 344
702 53 351
703 58 370
704 65 407
705 74 468
706 85 559
707 98 686
708 113 855
709 130 1072
710 50 344
711 51 345
712 54 352
713 59 371
714 66 408
715 75 469
716 86 560
717 99 687
718 114 856
719 131 1073
720 53 351
721 54 352
722 57 359
723 62 378
724 69 415
725 78 476
726 89 567
727 102 694
728 117 863
729 134 1080
730 58 370
731 59 371
732 62 378
733 67 397
734 74 434
735 83 495
736 94 586
737 107 713
738 122 882
739 139 1099
740 65 407
741 66 408
742 69 415
743 74 434
744 81 471
745 90 532
746 101 623
747 114 750
748 129 919
749 146 1136
750 74 468
751 75 469
752 78 476
753 83 495
754 90 532
755 99 593
756 110 684
757 123 811
758 138 980
759 155 1197
760 85 559
761 86 560
762 89 567
763 94 586
764 101 623
765 110 684
766 121 775
767 134 902
768 149 1071
769 166 1288
770 98 686
771 99 687
772 102 694
773 107 713
774 114 750
775 123 811
776 134 902
777 147 1029
778 162 1198
779 179 1415
780 113 855
781 114 856
782 117 863
783 122 882
784 129 919
785 138 980
786 149 1071
787 162 1198
788 177 1367
789 194 1584
790 130 1072
791 131 1073
792 134 1080
793 139 1099
794 146 1136
795 155 1197
796 166 1288
797 179 1415
798 194 1584
799 211 1801
800 64 512
801 65 513
802 68 520
803 73 539
804 80 576
805 89 637
806 100 728
807 113 855
808 128 1024
809 145 1241
810 65 513
811 66 514
812 69 521
813 74 540
814 81 577
815 90 638
816 101 729
817 114 856
818 129 1025
819 146 1242
820 68 520
821 69 521
822 72 528
823 77 547
824 84 584
825 93 645
826 104 736
827 117 863
828 132 1032
829 149 1249
830 73 539
831 74 540
832 77 547
833 82 566
834 89 603
835 98 664
836 109 755
837 122 882
838 137 1051
839 154 1268
840 80 576
841 81 577
842 84 584
843 89 603
844 96 640
845 105 701
846 116 792
847 129 919
848 144 1088
849 161 1305
850 89 637
851 90 638
852 93 645
853 98 664
854 105 701
855 114 762
856 125 853
857 138 980
858 153 1149
859 170 1366
860 100 728
861 101 729
862 104 736
863 109 755
864 116 792
865 125 853
866 136 944
867 149 1071
868 164 1240
869 181 1457
870 113 855
871 114 856
872 117 863
873 122 882
874 129 919
875 138 980
876 149 1071
877 162 1198
878 177 1367
879 194 1584
880 128 1024
881 129 1025
882 132 1032
883 137 1051
884 144 1088
885 153 1149
886 164 1240
887 177 1367
888 192 1536
889 209 1753
890 145 1241
891 146 1242
892 149 1249
893 154 1268
894 161 1305
895 170 1366
896 181 1457
897 194 1584
898 209 1753
899 226 1970
900 81 729
901 82 730
902 85 737
903 90 756
904 97 793
905 106 854
906 117 945
907 130 1072
908 145 1241
909 162 1458
910 82 730
911 83 731
912 86 738
913 91 757
914 98 794
915 107 855
916 118 946
917 131 1073
918 146 1242
919 163 1459
920 85 737
921 86 738
922 89 745
923 94 764
924 101 801
925 110 862
926 121 953
927 134 1080
928 149 1249
929 166 1466
930 90 756
931 91 757
932 94 764
933 99 783
934 106 820
935 115 881
936 126 972
937 139 1099
938 154 1268
939 171 1485
940 97 793
941 98 794
942 101 801
943 106 820
944 113 857
945 122 918
946 133 1009
947 146 1136
948 161 1305
949 178 1522
950 106 854
951 107 855
952 110 862
953 115 881
954 122 918
955 131 979
956 142 1070
957 155 1197
958 170 1366
959 187 1583
960 117 945
961 118 946
962 121 953
963 126 972
964 133 1009
965 142 1070
966 153 1161
967 166 1288
968 181 1457
969 198 1674
970 130 1072
971 131 1073
972 134 1080
973 139 1099
974 146 1136
975 155 1197
976 166 1288
977 179 1415
978 194 1584
979 211 1801
980 145 1241
981 146 1242
982 149 1249
983 154 1268
984 161 1305
985 170 1366
986 181 1457
987 194 1584
988 209 1753
989 226 1970
990 162 1458
991 163 1459
992 166 1466
993 171 1485
994 178 1522
995 187 1583
996 198 1674
997 211 1801
998 226 1970
999 243 2187
1000 1 1
1001 2 2
1002 5 9
1003 10 28
1004 17 65
1005 26 126
1006 37 217
1007 50 344
1008 65 513
1009 82 730
1010 2 2
1011 3 3
1012 6 10
1013 11 29
1014 18 66
1015 27 127
1016 38 218
1017 51 345
1018 66 514
1019 83 731
1020 5 9
1021 6 10
1022 9 17
1023 14 36
1024 21 73
1025 30 134
1026 41 225
1027 54 352
1028 69 521
1029 86 738
1030 10 28
1031 11 29
1032 14 36
1033 19 55
1034 26 92
1035 35 153
1036 46 244
1037 59 371
1038 74 540
1039 91 757
1040 17 65
1041 18 66
1042 21 73
1043 26 92
1044 33 129
1045 42 190
1046 53 281
1047 66 408
1048 81 577
1049 98 794
1050 26 126
1051 27 127
1052 30 134
1053 35 153
1054 42 190
1055 51 251
1056 62 342
1057 75 469
1058 90 638
1059 107 855
1060 37 217
1061 38 218
1062 41 225
1063 46 244
1064 53 281
1065 62 342
1066 73 433
1067 86 560
1068 101 729
1069 118 946
1070 50 344
1071 51 345
1072 54 352
1073 59 371
1074 66 408
1075 75 469
1076 86 560
1077 99 687
1078 114 856
1079 131 1073
1080 65 513
1081 66 514
1082 69 521
1083 74 540
1084 81 577
1085 90 638
1086 101 729
1087 114 856
1088 129 1025
1089 146 1242
1090 82 730
1091 83 731
1092 86 738
1093 91 757
1094 98 794
1095 107 855
1096 118 946
1097 131 1073
1098 146 1242
1099 163 1459
1100 2 2
1101 3 3
1102 6 10
1103 11 29
1104 18 66
1105 27 127
1106 38 218
1107 51 345
1108 66 514
1109 83 731
1110 3 3
1111 4 4
1112 7 11
1113 12 30
1114 19 67
1115 28 128
1116 39 219
1117 52 346
1118 67 515
1119 84 732
1120 6 10
1121 7 11
1122 10 18
1123 15 37
1124 22 74
1125 31 135
1126 42 226
1127 55 353
1128 70 522
1129 87 739
1130 11 29
1131 12 30
1132 15 37
1133 20 56
1134 27 93
1135 36 154
1136 47 245
1137 60 372
1138 75 541
1139 92 758
1140 18 66
1141 19 67
1142 22 74
1143 27 93
1144 34 130
1145 43 191
1146 54 282
1147 67 409
1148 82 578
1149 99 795
1150 27 127
1151 28 128
1152 31 135
1153 36 154
1154 43 191
1155 52 252
1156 63 343
1157 76 470
1158 91 639
1159 108 856
1160 38 218
1161 39 219
1162 42 226
1163 47 245
1164 54 282
1165 63 343
1166 74 434
1167 87 561
1168 102 730
1169 119 947
1170 51 345
1171 52 346
1172 55 353
1173 60 372
1174 67 409
1175 76 470
1176 87 561
1177 100 688
1178 115 857
1179 132 1074
1180 66 514
1181 67 515
1182 70 522
1183 75 541
1184 82 578
1185 91 639
1186 102 730
1187 115 857
1188 130 1026
1189 147 1243
1190 83 731
1191 84 732
1192 87 739
1193 92 758
1194 99 795
1195 108 856
1196 119 947
1197 132 1074
1198 147 1243
1199 164 1460
1200 5 9
1201 6 10
1202 9 17
1203 14 36
1204 21 73
1205 30 134
1206 41 225
1207 54 352
1208 69 521
1209 86 738
1210 6 10
1211 7 11
1212 10 18
1213 15 37
1214 22 74
1215 31 135
1216 42 226
1217 55 353
1218 70 522
1219 87 739
1220 9 17
1221 10 18
1222 13 25
1223 18 44
1224 25 81
1225 34 142
1226 45 233
1227 58 360
1228 73 529
1229 90 746
1230 14 36
1231 15 37
1232 18 44
1233 23 63
1234 30 100
1235 39 161
1236 50 252
1237 63 379
1238 78 548
1239 95 765
1240 21 73
1241 22 74
1242 25 81
1243 30 100
1244 37 137
1245 46 198
1246 57 289
1247 70 416
1248 85 585
1249 102 802
1250 30 134
1251 31 135
1252 34 142
1253 39 161
1254 46 198
1255 55 259
1256 66 350
1257 79 477
1258 94 646
1259 111 863
1260 41 225
1261 42 226
1262 45 233
1263 50 252
1264 57 289
1265 66 350
1266 77 441
1267 90 568
1268 105 737
1269 122 954
1270 54 352
1271 55 353
1272 58 360
1273 63 379
1274 70 416
1275 79 477
1276 90 568
1277 103 695
1278 118 864
1279 135 1081
1280 69 521
1281 70 522
1282 73 529
1283 78 548
1284 85 585
1285 94 646
1286 105 737
1287 118 864
1288 133 1033
1289 150 1250
1290 86 738
1291 87 739
1292 90 746
1293 95 765
1294 102 802
1295 111 863
1296 122 954
1297 135 1081
1298 150 1250
1299 167 1467
1300 10 28
1301 11 29
1302 14 36
1303 19 55
1304 26 92
1305 35 153
1306 46 244
1307 59 371
1308 74 540
1309 91 757
1310 11 29
1311 12 30
1312 15 37
1313 20 56
1314 27 93
1315 36 154
1316 47 245
1317 60 372
1318 75 541
1319 92 758
1320 14 36
1321 15 37
1322 18 44
1323 23 63
1324 30 100
1325 39 161
1326 50 252
1327 63 379
1328 78 548
1329 95 765
1330 19 55
1331 20 56
1332 23 63
1333 28 82
1334 35 119
1335 44 180
1336 55 271
1337 68 398
1338 83 567
1339 100 784
1340 26 92
1341 27 93
1342 30 100
1343 35 119
1344 42 156
1345 51 217
1346 62 308
1347 75 435
1348 90 604
1349 107 821
1350 35 153
1351 36 154
1352 39 161
1353 44 180
1354 51 217
1355 60 278
1356 71 369
1357 84 496
1358 99 665
1359 116 882
1360 46 244
1361 47 245
1362 50 252
1363 55 271
1364 62 308
1365 71 369
1366 82 460
1367 95 587
1368 110 756
1369 127 973
1370 59 371
1371 60 372
1372 63 379
1373 68 398
1374 75 435
1375 84 496
1376 95 587
1377 108 714
1378 123 883
1379 140 1100
1380 74 540
1381 75 541
1382 78 548
1383 83 567
1384 90 604
1385 99 665
1386 110 756
1387 123 883
1388 138 1052
1389 155 1269
1390 91 757
1391 92 758
1392 95 765
1393 100 784
1394 107 821
1395 116 882
1396 127 973
1397 140 1100
1398 155 1269
1399 172 1486
1400 17 65
1401 18 66
1402 21 73
1403 26 92
1404 33 129
1405 42 190
1406 53 281
1407 66 408
1408 81 577
1409 98 794
1410 18 66
1411 19 67
1412 22 74
1413 27 93
1414 34 130
1415 43 191
1416 54 282
1417 67 409
1418 82 578
1419 99 795
1420 21 73
1421 22 74
1422 25 81
1423 30 100
1424 37 137
1425 46 198
1426 57 289
1427 70 416
1428 85 585
1429 102 802
1430 26 92
1431 27 93
1432 30 100
1433 35 119
1434 42 156
1435 51 217
1436 62 308
1437 75 435
1438 90 604
1439 107 821
1440 33 129
1441 34 130
1442 37 137
1443 42 156
1444 49 193
1445 58 254
1446 69 345
1447 82 472
1448 97 641
1449 114 858
1450 42 190
1451 43 191
1452 46 198
1453 51 217
1454 58 254
1455 67 315
1456 78 406
1457 91 533
1458 106 702
1459 123 919
1460 53 281
1461 54 282
1462 57 289
1463 62 308
1464 69 345
1465 78 406
1466 89 497
1467 102 624
1468 117 793
1469 134 1010
1470 66 408
1471 67 409
1472 70 416
1473 75 435
1474 82 472
1475 91 533
1476 102 624
1477 115 751
1478 130 920
1479 147 1137
1480 81 577
1481 82 578
1482 85 585
1483 90 604
1484 97 641
1485 106 702
1486 117 793
1487 130 920
1488 145 1089
1489 162 1306
1490 98 794
1491 99 795
1492 102 802
1493 107 821
1494 114 858
1495 123 919
1496 134 1010
1497 147 1137
1498 162 1306
1499 179 1523
1500 26 126
1501 27 127
1502 30 134
1503 35 153
1504 42 190
1505 51 251
1506 62 342
1507 75 469
1508 90 638
1509 107 855
1510 27 127
1511 28 128
1512 31 135
1513 36 154
1514 43 191
1515 52 252
1516 63 343
1517 76 470
1518 91 639
1519 108 856
1520 30 134
1521 31 135
1522 34 142
1523 39 161
1524 46 198
1525 55 259
1526 66 350
1527 79 477
1528 94 646
1529 111 863
1530 35 153
1531 36 154
1532 39 161
1533 44 180
1534 51 217
1535 60 278
1536 71 369
1537 84 496
1538 99 665
1539 116 882
1540 42 190
1541 43 191
1542 46 198
1543 51 217
1544 58 254
1545 67 315
1546 78 406
1547 91 533
1548 106 702
1549 123 919
1550 51 251
1551 52 252
1552 55 259
1553 60 278
1554 67 315
1555 76 376
1556 87 467
1557 100 594
1558 115 763
1559 132 980
1560 62 342
1561 63 343
1562 66 350
1563 71 369
1564 78 406
1565 87 467
1566 98 558
1567 111 685
1568 126 854
1569 143 1071
1570 75 469
1571 76 470
1572 79 477
1573 84 496
1574 91 533
1575 100 594
1576 111 685
1577 124 812
1578 139 981
1579 156 1198
1580 90 638
1581 91 639
1582 94 646
1583 99 665
1584 106 702
1585 115 763
1586 126 854
1587 139 981
1588 154 1150
1589 171 1367
1590 107 855
1591 108 856
1592 111 863
1593 116 882
1594 123 919
1595 132 980
1596 143 1071
1597 156 1198
1598 171 1367
1599 188 1584
1600 37 217
1601 38 218
1602 41 225
1603 46 244
1604 53 281
1605 62 342
1606 73 433
1607 86 560
1608 101 729
1609 118 946
1610 38 218
1611 39 219
1612 42 226
1613 47 245
1614 54 282
1615 63 343
1616 74 434
1617 87 561
1618 102 730
1619 119 947
1620 41 225
1621 42 226
1622 45 233
1623 50 252
1624 57 289
1625 66 350
1626 77 441
1627 90 568
1628 105 737
1629 122 954
1630 46 244
1631 47 245
1632 50 252
1633 55 271
1634 62 308
1635 71 369
1636 82 460
1637 95 587
1638 110 756
1639 127 973
1640 53 281
1641 54 282
1642 57 289
1643 62 308
1644 69 345
1645 78 406
1646 89 497
1647 102 624
1648 117 793
1649 134 1010
1650 62 342
1651 63 343
1652 66 350
1653 71 369
1654 78 406
1655 87 467
1656 98 558
1657 111 685
1658 126 854
1659 143 1071
1660 73 433
1661 74 434
1662 77 441
1663 82 460
1664 89 497
1665 98 558
1666 109 649
1667 122 776
1668 137 945
1669 154 1162
1670 86 560
1671 87 561
1672 90 568
1673 95 587
1674 102 624
1675 111 685
1676 122 776
1677 135 903
1678 150 1072
1679 167 1289
1680 101 729
1681 102 730
1682 105 737
1683 110 756
1684 117 793
1685 126 854
1686 137 945
1687 150 1072
1688 165 1241
1689 182 1458
1690 118 946
1691 119 947
1692 122 954
1693 127 973
1694 134 1010
1695 143 1071
1696 154 1162
1697 167 1289
1698 182 1458
1699 199 1675
1700 50 344
1701 51 345
1702 54 352
1703 59 371
1704 66 408
1705 75 469
1706 86 560
1707 99 687
1708 114 856
1709 131 1073
1710 51 345
1711 52 346
1712 55 353
1713 60 372
1714 67 409
1715 76 470
1716 87 561
1717 100 688
1718 115 857
1719 132 1074
1720 54 352
1721 55 353
1722 58 360
1723 63 379
1724 70 416
1725 79 477
1726 90 568
1727 103 695
1728 118 864
1729 135 1081
1730 59 371
1731 60 372
1732 63 379
1733 68 398
1734 75 435
1735 84 496
1736 95 587
1737 108 714
1738 123 883
1739 140 1100
1740 66 408
1741 67 409
1742 70 416
1743 75 435
1744 82 472
1745 91 533
1746 102 624
1747 115 751
1748 130 920
1749 147 1137
1750 75 469
1751 76 470
1752 79 477
1753 84 496
1754 91 533
1755 100 594
1756 111 685
1757 124 812
1758 139 981
1759 156 1198
1760 86 560
1761 87 561
1762 90 568
1763 95 587
1764 102 624
1765 111 685
1766 122 776
1767 135 903
1768 150 1072
1769 167 1289
1770 99 687
1771 100 688
1772 103 695
1773 108 714
1774 115 751
1775 124 812
1776 135 903
1777 148 1030
1778 163 1199
1779 180 1416
1780 114 856
1781 115 857
1782 118 864
1783 123 883
1784 130 920
1785 139 981
1786 150 1072
1787 163 1199
1788 178 1368
1789 195 1585
1790 131 1073
1791 132 1074
1792 135 1081
1793 140 1100
1794 147 1137
1795 156 1198
1796 167 1289
1797 180 1416
1798 195 1585
1799 212 1802
1800 65 513
1801 66 514
1802 69 521
1803 74 540
1804 81 577
1805 90 638
1806 101 729
1807 114 856
1808 129 1025
1809 146 1242
1810 66 514
1811 67 515
1812 70 522
1813 75 541
1814 82 578
1815 91 639
1816 102 730
1817 115 857
1818 130 1026
1819 147 1243
1820 69 521
1821 70 522
1822 73 529
1823 78 548
1824 85 585
1825 94 646
1826 105 737
1827 118 864
1828 133 1033
1829 150 1250
1830 74 540
1831 75 541
1832 78 548
1833 83 567
1834 90 604
1835 99 665
1836 110 756
1837 123 883
1838 138 1052
1839 155 1269
1840 81 577
1841 82 578
1842 85 585
1843 90 604
1844 97 641
1845 106 702
1846 117 793
1847 130 920
1848 145 1089
1849 162 1306
1850 90 638
1851 91 639
1852 94 646
1853 99 665
1854 106 702
1855 115 763
1856 126 854
1857 139 981
1858 154 1150
1859 171 1367
1860 101 729
1861 102 730
1862 105 737
1863 110 756
1864 117 793
1865 126 854
1866 137 945
1867 150 1072
1868 165 1241
1869 182 1458
1870 114 856
1871 115 857
1872 118 864
1873 123 883
1874 130 920
1875 139 981
1876 150 1072
1877 163 1199
1878 178 1368
1879 195 1585
1880 129 1025
1881 130 1026
1882 133 1033
1883 138 1052
1884 145 1089
1885 154 1150
1886 165 1241
1887 178 1368
1888 193 1537
1889 210 1754
1890 146 1242
1891 147 1243
1892 150 1250
1893 155 1269
1894 162 1306
1895 171 1367
1896 182 1458
1897 195 1585
1898 210 1754
1899 227 1971
1900 82 730
1901 83 731
1902 86 738
1903 91 757
1904 98 794
1905 107 855
1906 118 946
1907 131 1073
1908 146 1242
1909 163 1459
1910 83 731
1911 84 732
1912 87 739
1913 92 758
1914 99 795
1915 108 856
1916 119 947
1917 132 1074
1918 147 1243
1919 164 1460
1920 86 738
1921 87 739
1922 90 746
1923 95 765
1924 102 802
1925 111 863
1926 122 954
1927 135 1081
1928 150 1250
1929 167 1467
1930 91 757
1931 92 758
1932 95 765
1933 100 784
1934 107 821
1935 116 882
1936 127 973
1937 140 1100
1938 155 1269
1939 172 1486
1940 98 794
1941 99 795
1942 102 802
1943 107 821
1944 114 858
1945 123 919
1946 134 1010
1947 147 1137
1948 162 1306
1949 179 1523
1950 107 855
1951 108 856
1952 111 863
1953 116 882
1954 123 919
1955 132 980
1956 143 1071
1957 156 1198
1958 171 1367
1959 188 1584
1960 118 946
1961 119 947
1962 122 954
1963 127 973
1964 134 1010
1965 143 1071
1966 154 1162
1967 167 1289
1968 182 1458
1969 199 1675
1970 131 1073
1971 132 1074
1972 135 1081
1973 140 1100
1974 147 1137
1975 156 1198
1976 167 1289
1977 180 1416
1978 195 1585
1979 212 1802
1980 146 1242
1981 147 1243
1982 150 1250
1983 155 1269
1984 162 1306
1985 171 1367
1986 182 1458
1987 195 1585
1988 210 1754
1989 227 1971
1990 163 1459
1991 164 1460
1992 167 1467
1993 172 1486
1994 179 1523
1995 188 1584
1996 199 1675
1997 212 1802
1998 227 1971
1999 244 2188
2000 4 8
2001 5 9
2002 8 16
2003 13 35
2004 20 72
2005 29 133
2006 40 224
2007 53 351
2008 68 520
2009 85 737
2010 5 9
2011 6 10
2012 9 17
2013 14 36
2014 21 73
2015 30 134
2016 41 225
2017 54 352
2018 69 521
2019 86 738
2020 8 16
2021 9 17
2022 12 24
2023 17 43
2024 24 80
2025 33 141
2026 44 232
2027 57 359
2028 72 528
2029 89 745
2030 13 35
2031 14 36
2032 17 43
2033 22 62
2034 29 99
2035 38 160
2036 49 251
2037 62 378
2038 77 547
2039 94 764
2040 20 72
2041 21 73
2042 24 80
2043 29 99
2044 36 136
2045 45 197
2046 56 288
2047 69 415
2048 84 584
2049 101 801
2050 29 133
2051 30 134
2052 33 141
2053 38 160
2054 45 197
2055 54 258
2056 65 349
2057 78 476
2058 93 645
2059 110 862
2060 40 224
2061 41 225
2062 44 232
2063 49 251
2064 56 288
2065 65 349
2066 76 440
2067 89 567
2068 104 736
2069 121 953
2070 53 351
2071 54 352
2072 57 359
2073 62 378
2074 69 415
2075 78 476
2076 89 567
2077 102 694
2078 117 863
2079 134 1080
2080 68 520
2081 69 521
2082 72 528
2083 77 547
2084 84 584
2085 93 645
2086 104 736
2087 117 863
2088 132 1032
2089 149 1249
2090 85 737
2091 86 738
2092 89 745
2093 94 764
2094 101 801
2095 110 862
2096 121 953
2097 134 1080
2098 149 1249
2099 166 1466
2100 5 9
2101 6 10
2102 9 17
2103 14 36
2104 21 73
2105 30 134
2106 41 225
2107 54 352
2108 69 521
2109 86 738
2110 6 10
2111 7 11
2112 10 18
2113 15 37
2114 22 74
2115 31 135
2116 42 226
2117 55 353
2118 70 522
2119 87 739
2120 9 17
2121 10 18
2122 13 25
2123 18 44
2124 25 81
2125 34 142
2126 45 233
2127 58 360
2128 73 529
2129 90 746
2130 14 36
2131 15 37
2132 18 44
2133 23 63
2134 30 100
2135 39 161
2136 50 252
2137 63 379
2138 78 548
2139 95 765
2140 21 73
2141 22 74
2142 25 81
2143 30 100
2144 37 137
2145 46 198
2146 57 289
2147 70 416
2148 85 585
2149 102 802
2150 30 134
2151 31 135
2152 34 142
2153 39 161
2154 46 198
2155 55 259
2156 66 350
2157 79 477
2158 94 646
2159 111 863
2160 41 225
2161 42 226
2162 45 233
2163 50 252
2164 57 289
2165 66 350
2166 77 441
2167 90 568
2168 105 737
2169 122 954
2170 54 352
2171 55 353
2172 58 360
2173 63 379
2174 70 416
2175 79 477
2176 90 568
2177 103 695
2178 118 864
2179 135 1081
2180 69 521
2181 70 522
2182 73 529
2183 78 548
2184 85 585
2185 94 646
2186 105 737
2187 118 864
2188 133 1033
2189 150 1250
2190 86 738
2191 87 739
2192 90 746
2193 95 765
2194 102 802
2195 111 863
2196 122 954
2197 135 1081
2198 150 1250
2199 167 1467
2200 8 16
2201 9 17
2202 12 24
2203 17 43
2204 24 80
2205 33 141
2206 44 232
2207 57 359
2208 72 528
2209 89 745
2210 9 17
2211 10 18
2212 13 25
2213 18 44
2214 25 81
2215 34 142
2216 45 233
2217 58 360
2218 73 529
2219 90 746
2220 12 24
2221 13 25
2222 16 32
2223 21 51
2224 28 88
2225 37 149
2226 48 240
2227 61 367
2228 76 536
2229 93 753
2230 17 43
2231 18 44
2232 21 51
2233 26 70
2234 33 107
2235 42 168
2236 53 259
2237 66 386
2238 81 555
2239 98 772
2240 24 80
2241 25 81
2242 28 88
2243 33 107
2244 40 144
2245 49 205
2246 60 296
2247 73 423
2248 88 592
2249 105 809
2250 33 141
2251 34 142
2252 37 149
2253 42 168
2254 49 205
2255 58 266
2256 69 357
2257 82 484
2258 97 653
2259 114 870
2260 44 232
2261 45 233
2262 48 240
2263 53 259
2264 60 296
2265 69 357
2266 80 448
2267 93 575
2268 108 744
2269 125 961
2270 57 359
2271 58 360
2272 61 367
2273 66 386
2274 73 423
2275 82 484
2276 93 575
2277 106 702
2278 121 871
2279 138 1088
2280 72 528
2281 73 529
2282 76 536
2283 81 555
2284 88 592
2285 97 653
2286 108 744
2287 121 871
2288 136 1040
2289 153 1257
2290 89 745
2291 90 746
2292 93 753
2293 98 772
2294 105 809
2295 114 870
2296 125 961
2297 138 1088
2298 153 1257
2299 170 1474
2300 13 35
2301 14 36
2302 17 43
2303 22 62
2304 29 99
2305 38 160
2306 49 251
2307 62 378
2308 77 547
2309 94 764
2310 14 36
2311 15 37
2312 18 44
2313 23 63
2314 30 100
2315 39 161
2316 50 252
2317 63 379
2318 78 548
2319 95 765
2320 17 43
2321 18 44
2322 21 51
2323 26 70
2324 33 107
2325 42 168
2326 53 259
2327 66 386
2328 81 555
2329 98 772
2330 22 62
2331 23 63
2332 26 70
2333 31 89
2334 38 126
2335 47 187
2336 58 278
2337 71 405
2338 86 574
2339 103 791
2340 29 99
2341 30 100
2342 33 107
2343 38 126
2344 45 163
2345 54 224
2346 65 315
2347 78 442
2348 93 611
2349 110 828
2350 38 160
2351 39 161
2352 42 168
2353 47 187
2354 54 224
2355 63 285
2356 74 376
2357 87 503
2358 102 672
2359 119 889
2360 49 251
2361 50 252
2362 53 259
2363 58 278
2364 65 315
2365 74 376
2366 85 467
2367 98 594
2368 113 763
2369 130 980
2370 62 378
2371 63 379
2372 66 386
2373 71 405
2374 78 442
2375 87 503
2376 98 594
2377 111 721
2378 126 890
2379 143 1107
2380 77 547
2381 78 548
2382 81 555
2383 86 574
2384 93 611
2385 102 672
2386 113 763
2387 126 890
2388 141 1059
2389 158 1276
2390 94 764
2391 95 765
2392 98 772
2393 103 791
2394 110 828
2395 119 889
2396 130 980
2397 143 1107
2398 158 1276
2399 175 1493
2400 20 72
2401 21 73
2402 24 80
2403 29 99
2404 36 136
2405 45 197
2406 56 288
2407 69 415
2408 84 584
2409 101 801
2410 21 73
2411 22 74
2412 25 81
2413 30 100
2414 37 137
2415 46 198
2416 57 289
2417 70 416
2418 85 585
2419 102 802
2420 24 80
2421 25 81
2422 28 88
2423 33 107
2424 40 144
2425 49 205
2426 60 296
2427 73 423
2428 88 592
2429 105 809
2430 29 99
2431 30 100
2432 33 107
2433 38 126
2434 45 163
2435 54 224
2436 65 315
2437 78 442
2438 93 611
2439 110 828
2440 36 136
2441 37 137
2442 40 144
2443 45 163
2444 52 200
2445 61 261
2446 72 352
2447 85 479
2448 100 648
2449 117 865
2450 45 197
2451 46 198
2452 49 205
2453 54 224
2454 61 261
2455 70 322
2456 81 413
2457 94 540
2458 109 709
2459 126 926
2460 56 288
2461 57 289
2462 60 296
2463 65 315
2464 72 352
2465 81 413
2466 92 504
2467 105 631
2468 120 800
2469 137 1017
2470 69 415
2471 70 416
2472 73 423
2473 78 442
2474 85 479
2475 94 540
2476 105 631
2477 118 758
2478 133 927
2479 150 1144
2480 84 584
2481 85 585
2482 88 592
2483 93 611
2484 100 648
2485 109 709
2486 120 800
2487 133 927
2488 148 1096
2489 165 1313
2490 101 801
2491 102 802
2492 105 809
2493 110 828
2494 117 865
2495 126 926
2496 137 1017
2497 150 1144
2498 165 1313
2499 182 1530
2500 29 133
2501 30 134
2502 33 141
2503 38 160
2504 45 197
2505 54 258
2506 65 349
2507 78 476
2508 93 645
2509 110 862
2510 30 134
2511 31 135
2512 34 142
2513 39 161
2514 46 198
2515 55 259
2516 66 350
2517 79 477
2518 94 646
2519 111 863
2520 33 141
2521 34 142
2522 37 149
2523 42 168
2524 49 205
2525 58 266
2526 69 357
2527 82 484
2528 97 653
2529 114 870
2530 38 160
2531 39 161
2532 42 168
2533 47 187
2534 54 224
2535 63 285
2536 74 376
2537 87 503
2538 102 672
2539 119 889
2540 45 197
2541 46 198
2542 49 205
2543 54 224
2544 61 261
2545 70 322
2546 81 413
2547 94 540
2548 109 709
2549 126 926
2550 54 258
2551 55 259
2552 58 266
2553 63 285
2554 70 322
2555 79 383
2556 90 474
2557 103 601
2558 118 770
2559 135 987
2560 65 349
2561 66 350
2562 69 357
2563 74 376
2564 81 413
2565 90 474
2566 101 565
2567 114 692
2568 129 861
2569 146 1078
2570 78 476
2571 79 477
2572 82 484
2573 87 503
2574 94 540
2575 103 601
2576 114 692
2577 127 819
2578 142 988
2579 159 1205
2580 93 645
2581 94 646
2582 97 653
2583 102 672
2584 109 709
2585 118 770
2586 129 861
2587 142 988
2588 157 1157
2589 174 1374
2590 110 862
2591 111 863
2592 114 870
2593 119 889
2594 126 926
2595 135 987
2596 146 1078
2597 159 1205
2598 174 1374
2599 191 1591
2600 40 224
2601 41 225
2602 44 232
2603 49 251
2604 56 288
2605 65 349
2606 76 440
2607 89 567
2608 104 736
2609 121 953
2610 41 225
2611 42 226
2612 45 233
2613 50 252
2614 57 289
2615 66 350
2616 77 441
2617 90 568
2618 105 737
2619 122 954
2620 44 232
2621 45 233
2622 48 240
2623 53 259
2624 60 296
2625 69 357
2626 80 448
2627 93 575
2628 108 744
2629 125 961
2630 49 251
2631 50 252
2632 53 259
2633 58 278
2634 65 315
2635 74 376
2636 85 467
2637 98 594
2638 113 763
2639 130 980
2640 56 288
2641 57 289
2642 60 296
2643 65 315
2644 72 352
2645 81 413
2646 92 504
2647 105 631
2648 120 800
2649 137 1017
2650 65 349
2651 66 350
2652 69 357
2653 74 376
2654 81 413
2655 90 474
2656 101 565
2657 114 692
2658 129 861
2659 146 1078
2660 76 440
2661 77 441
2662 80 448
2663 85 467
2664 92 504
2665 101 565
2666 112 656
2667 125 783
2668 140 952
2669 157 1169
2670 89 567
2671 90 568
2672 93 575
2673 98 594
2674 105 631
2675 114 692
2676 125 783
2677 138 910
2678 153 1079
2679 170 1296
2680 104 736
2681 105 737
2682 108 744
2683 113 763
2684 120 800
2685 129 861
2686 140 952
2687 153 1079
2688 168 1248
2689 185 1465
2690 121 953
2691 122 954
2692 125 961
2693 130 980
2694 137 1017
2695 146 1078
2696 157 1169
2697 170 1296
2698 185 1465
2699 202 1682
2700 53 351
2701 54 352
2702 57 359
2703 62 378
2704 69 415
2705 78 476
2706 89 567
2707 102 694
2708 117 863
2709 134 1080
2710 54 352
2711 55 353
2712 58 360
2713 63 379
2714 70 416
2715 79 477
2716 90 568
2717 103 695
2718 118 864
2719 135 1081
2720 57 359
2721 58 360
2722 61 367
2723 66 386
2724 73 423
2725 82 484
2726 93 575
2727 106 702
2728 121 871
2729 138 1088
2730 62 378
2731 63 379
2732 66 386
2733 71 405
2734 78 442
2735 87 503
2736 98 594
2737 111 721
2738 126 890
2739 143 1107
2740 69 415
2741 70 416
2742 73 423
2743 78 442
2744 85 479
2745 94 540
2746 105 631
2747 118 758
2748 133 927
2749 150 1144
2750 78 476
2751 79 477
2752 82 484
2753 87 503
2754 94 540
2755 103 601
2756 114 692
2757 127 819
2758 142 988
2759 159 1205
2760 89 567
2761 90 568
2762 93 575
2763 98 594
2764 105 631
2765 114 692
2766 125 783
2767 138 910
2768 153 1079
2769 170 1296
2770 102 694
2771 103 695
2772 106 702
2773 111 721
2774 118 758
2775 127 819
2776 138 910
2777 151 1037
2778 166 1206
2779 183 1423
2780 117 863
2781 118 864
2782 121 871
2783 126 890
2784 133 927
2785 142 988
2786 153 1079
2787 166 1206
2788 181 1375
2789 198 1592
2790 134 1080
2791 135 1081
2792 138 1088
2793 143 1107
2794 150 1144
2795 159 1205
2796 170 1296
2797 183 1423
2798 198 1592
2799 215 1809
2800 68 520
2801 69 521
2802 72 528
2803 77 547
2804 84 584
2805 93 645
2806 104 736
2807 117 863
2808 132 1032
2809 149 1249
2810 69 521
2811 70 522
2812 73 529
2813 78 548
2814 85 585
2815 94 646
2816 105 737
2817 118 864
2818 133 1033
2819 150 1250
2820 72 528
2821 73 529
2822 76 536
2823 81 555
2824 88 592
2825 97 653
2826 108 744
2827 121 871
2828 136 1040
2829 153 1257
2830 77 547
2831 78 548
2832 81 555
2833 86 574
2834 93 611
2835 102 672
2836 113 763
2837 126 890
2838 141 1059
2839 158 1276
2840 84 584
2841 85 585
2842 88 592
2843 93 611
2844 100 648
2845 109 709
2846 120 800
2847 133 927
2848 148 1096
2849 165 1313
2850 93 645
2851 94 646
2852 97 653
2853 102 672
2854 109 709
2855 118 770
2856 129 861
2857 142 988
2858 157 1157
2859 174 1374
2860 104 736
2861 105 737
2862 108 744
2863 113 763
2864 120 800
2865 129 861
2866 140 952
2867 153 1079
2868 168 1248
2869 185 1465
2870 117 863
2871 118 864
2872 121 871
2873 126 890
2874 133 927
2875 142 988
2876 153 1079
2877 166 1206
2878 181 1375
2879 198 1592
2880 132 1032
2881 133 1033
2882 136 1040
2883 141 1059
2884 148 1096
2885 157 1157
2886 168 1248
2887 181 1375
2888 196 1544
2889 213 1761
2890 149 1249
2891 150 1250
2892 153 1257
2893 158 1276
2894 165 1313
2895 174 1374
2896 185 1465
2897 198 1592
2898 213 1761
2899 230 1978
2900 85 737
2901 86 738
2902 89 745
2903 94 764
2904 101 801
2905 110 862
2906 121 953
2907 134 1080
2908 149 1249
2909 166 1466
2910 86 738
2911 87 739
2912 90 746
2913 95 765
2914 102 802
2915 111 863
2916 122 954
2917 135 1081
2918 150 1250
2919 167 1467
2920 89 745
2921 90 746
2922 93 753
2923 98 772
2924 105 809
2925 114 870
2926 125 961
2927 138 1088
2928 153 1257
2929 170 1474
2930 94 764
2931 95 765
2932 98 772
2933 103 791
2934 110 828
2935 119 889
2936 130 980
2937 143 1107
2938 158 1276
2939 175 1493
2940 101 801
2941 102 802
2942 105 809
2943 110 828
2944 117 865
2945 126 926
2946 137 1017
2947 150 1144
2948 165 1313
2949 182 1530
2950 110 862
2951 111 863
2952 114 870
2953 119 889
2954 126 926
2955 135 987
2956 146 1078
2957 159 1205
2958 174 1374
2959 191 1591
2960 121 953
2961 122 954
2962 125 961
2963 130 980
2964 137 1017
2965 146 1078
2966 157 1169
2967 170 1296
2968 185 1465
2969 202 1682
2970 134 1080
2971 135 1081
2972 138 1088
2973 143 1107
2974 150 1144
2975 159 1205
2976 170 1296
2977 183 1423
2978 198 1592
2979 215 1809
2980 149 1249
2981 150 1250
2982 153 1257
2983 158 1276
2984 165 1313
2985 174 1374
2986 185 1465
2987 198 1592
2988 213 1761
2989 230 1978
2990 166 1466
2991 167 1467
2992 170 1474
2993 175 1493
2994 182 1530
2995 191 1591
2996 202 1682
2997 215 1809
2998 230 1978
2999 247 2195
3000 9 27
3001 10 28
3002 13 35
3003 18 54
3004 25 91
3005 34 152
3006 45 243
3007 58 370
3008 73 539
3009 90 756
3010 10 28
3011 11 29
3012 14 36
3013 19 55
3014 26 92
3015 35 153
3016 46 244
3017 59 371
3018 74 540
3019 91 757
3020 13 35
3021 14 36
3022 17 43
3023 22 62
3024 29 99
3025 38 160
3026 49 251
3027 62 378
3028 77 547
3029 94 764
3030 18 54
3031 19 55
3032 22 62
3033 27 81
3034 34 118
3035 43 179
3036 54 270
3037 67 397
3038 82 566
3039 99 783
3040 25 91
3041 26 92
3042 29 99
3043 34 118
3044 41 155
3045 50 216
3046 61 307
3047 74 434
3048 89 603
3049 106 820
3050 34 152
3051 35 153
3052 38 160
3053 43 179
3054 50 216
3055 59 277
3056 70 368
3057 83 495
3058 98 664
3059 115 881
3060 45 243
3061 46 244
3062 49 251
3063 54 270
3064 61 307
3065 70 368
3066 81 459
3067 94 586
3068 109 755
3069 126 972
3070 58 370
3071 59 371
3072 62 378
3073 67 397
3074 74 434
3075 83 495
3076 94 586
3077 107 713
3078 122 882
3079 139 1099
3080 73 539
3081 74 540
3082 77 547
3083 82 566
3084 89 603
3085 98 664
3086 109 755
3087 122 882
3088 137 1051
3089 154 1268
3090 90 756
3091 91 757
3092 94 764
3093 99 783
3094 106 820
3095 115 881
3096 126 972
3097 139 1099
3098 154 1268
3099 171 1485
3100 10 28
3101 11 29
3102 14 36
3103 19 55
3104 26 92
3105 35 153
3106 46 244
3107 59 371
3108 74 540
3109 91 757
3110 11 29
3111 12 30
3112 15 37
3113 20 56
3114 27 93
3115 36 154
3116 47 245
3117 60 372
3118 75 541
3119 92 758
3120 14 36
3121 15 37
3122 18 44
3123 23 63
3124 30 100
3125 39 161
3126 50 252
3127 63 379
3128 78 548
3129 95 765
3130 19 55
3131 20 56
3132 23 63
3133 28 82
3134 35 119
3135 44 180
3136 55 271
3137 68 398
3138 83 567
3139 100 784
3140 26 92
3141 27 93
3142 30 100
3143 35 119
3144 42 156
3145 51 217
3146 62 308
3147 75 435
3148 90 604
3149 107 821
3150 35 153
3151 36 154
3152 39 161
3153 44 180
3154 51 217
3155 60 278
3156 71 369
3157 84 496
3158 99 665
3159 116 882
3160 46 244
3161 47 245
3162 50 252
3163 55 271
3164 62 308
3165 71 369
3166 82 460
3167 95 587
3168 110 756
3169 127 973
3170 59 371
3171 60 372
3172 63 379
3173 68 398
3174 75 435
3175 84 496
3176 95 587
3177 108 714
3178 123 883
3179 140 1100
3180 74 540
3181 75 541
3182 78 548
3183 83 567
3184 90 604
3185 99 665
3186 110 756
3187 123 883
3188 138 1052
3189 155 1269
3190 91 757
3191 92 758
3192 95 765
3193 100 784
3194 107 821
3195 116 882
3196 127 973
3197 140 1100
3198 155 1269
3199 172 1486
3200 13 35
3201 14 36
3202 17 43
3203 22 62
3204 29 99
3205 38 160
3206 49 251
3207 62 378
3208 77 547
3209 94 764
3210 14 36
3211 15 37
3212 18 44
3213 23 63
3214 30 100
3215 39 161
3216 50 252
3217 63 379
3218 78 548
3219 95 765
3220 17 43
3221 18 44
3222 21 51
3223 26 70
3224 33 107
3225 42 168
3226 53 259
3227 66 386
3228 81 555
3229 98 772
3230 22 62
3231 23 63
3232 26 70
3233 31 89
3234 38 126
3235 47 187
3236 58 278
3237 71 405
3238 86 574
3239 103 791
3240 29 99
3241 30 100
3242 33 107
3243 38 126
3244 45 163
3245 54 224
3246 65 315
3247 78 442
3248 93 611
3249 110 828
3250 38 160
3251 39 161
3252 42 168
3253 47 187
3254 54 224
3255 63 285
3256 74 376
3257 87 503
3258 102 672
3259 119 889
3260 49 251
3261 50 252
3262 53 259
3263 58 278
3264 65 315
3265 74 376
3266 85 467
3267 98 594
3268 113 763
3269 130 980
3270 62 378
3271 63 379
3272 66 386
3273 71 405
3274 78 442
3275 87 503
3276 98 594
3277 111 721
3278 126 890
3279 143 1107
3280 77 547
3281 78 548
3282 81 555
3283 86 574
3284 93 611
3285 102 672
3286 113 763
3287 126 890
3288 141 1059
3289 158 1276
3290 94 764
3291 95 765
3292 98 772
3293 103 791
3294 110 828
3295 119 889
3296 130 980
3297 143 1107
3298 158 1276
3299 175 1493
3300 18 54
3301 19 55
3302 22 62
3303 27 81
3304 34 118
3305 43 179
3306 54 270
3307 67 397
3308 82 566
3309 99 783
3310 19 55
3311 20 56
3312 23 63
3313 28 82
3314 35 119
3315 44 180
3316 55 271
3317 68 398
3318 83 567
3319 100 784
3320 22 62
3321 23 63
3322 26 70
3323 31 89
3324 38 126
3325 47 187
3326 58 278
3327 71 405
3328 86 574
3329 103 791
3330 27 81
3331 28 82
3332 31 89
3333 36 108
3334 43 145
3335 52 206
3336 63 297
3337 76 424
3338 91 593
3339 108 810
3340 34 118
3341 35 119
3342 38 126
3343 43 145
3344 50 182
3345 59 243
3346 70 334
3347 83 461
3348 98 630
3349 115 847
3350 43 179
3351 44 180
3352 47 187
3353 52 206
3354 59 243
3355 68 304
3356 79 395
3357 92 522
3358 107 691
3359 124 908
3360 54 270
3361 55 271
3362 58 278
3363 63 297
3364 70 334
3365 79 395
3366 90 486
3367 103 613
3368 118 782
3369 135 999
3370 67 397
3371 68 398
3372 71 405
3373 76 424
3374 83 461
3375 92 522
3376 103 613
3377 116 740
3378 131 909
3379 148 1126
3380 82 566
3381 83 567
3382 86 574
3383 91 593
3384 98 630
3385 107 691
3386 118 782
3387 131 909
3388 146 1078
3389 163 1295
3390 99 783
3391 100 784
3392 103 791
3393 108 810
3394 115 847
3395 124 908
3396 135 999
3397 148 1126
3398 163 1295
3399 180 1512
3400 25 91
3401 26 92
3402 29 99
3403 34 118
3404 41 155
3405 50 216
3406 61 307
3407 74 434
3408 89 603
3409 106 820
3410 26 92
3411 27 93
3412 30 100
3413 35 119
3414 42 156
3415 51 217
3416 62 308
3417 75 435
3418 90 604
3419 107 821
3420 29 99
3421 30 100
3422 33 107
3423 38 126
3424 45 163
3425 54 224
3426 65 315
3427 78 442
3428 93 611
3429 110 828
3430 34 118
3431 35 119
3432 38 126
3433 43 145
3434 50 182
3435 59 243
3436 70 334
3437 83 461
3438 98 630
3439 115 847
3440 41 155
3441 42 156
3442 45 163
3443 50 182
3444 57 219
3445 66 280
3446 77 371
3447 90 498
3448 105 667
3449 122 884
3450 50 216
3451 51 217
3452 54 224
3453 59 243
3454 66 280
3455 75 341
3456 86 432
3457 99 559
3458 114 728
3459 131 945
3460 61 307
3461 62 308
3462 65 315
3463 70 334
3464 77 371
3465 86 432
3466 97 523
3467 110 650
3468 125 819
3469 142 1036
3470 74 434
3471 75 435
3472 78 442
3473 83 461
3474 90 498
3475 99 559
3476 110 650
3477 123 777
3478 138 946
3479 155 1163
3480 89 603
3481 90 604
3482 93 611
3483 98 630
3484 105 667
3485 114 728
3486 125 819
3487 138 946
3488 153 1115
3489 170 1332
3490 106 820
3491 107 821
3492 110 828
3493 115 847
3494 122 884
3495 131 945
3496 142 1036
3497 155 1163
3498 170 1332
3499 187 1549
3500 34 152
3501 35 153
3502 38 160
3503 43 179
3504 50 216
3505 59 277
3506 70 368
3507 83 495
3508 98 664
3509 115 881
3510 35 153
3511 36 154
3512 39 161
3513 44 180
3514 51 217
3515 60 278
3516 71 369
3517 84 496
3518 99 665
3519 116 882
3520 38 160
3521 39 161
3522 42 168
3523 47 187
3524 54 224
3525 63 285
3526 74 376
3527 87 503
3528 102 672
3529 119 889
3530 43 179
3531 44 180
3532 47 187
3533 52 206
3534 59 243
3535 68 304
3536 79 395
3537 92 522
3538 107 691
3539 124 908
3540 50 216
3541 51 217
3542 54 224
3543 59 243
3544 66 280
3545 75 341
3546 86 432
3547 99 559
3548 114 728
3549 131 945
3550 59 277
3551 60 278
3552 63 285
3553 68 304
3554 75 341
3555 84 402
3556 95 493
3557 108 620
3558 123 789
3559 140 1006
3560 70 368
3561 71 369
3562 74 376
3563 79 395
3564 86 432
3565 95 493
3566 106 584
3567 119 711
3568 134 880
3569 151 1097
3570 83 495
3571 84 496
3572 87 503
3573 92 522
3574 99 559
3575 108 620
3576 119 711
3577 132 838
3578 147 1007
3579 164 1224
3580 98 664
3581 99 665
3582 102 672
3583 107 691
3584 114 728
3585 123 789
3586 134 880
3587 147 1007
3588 162 1176
3589 179 1393
3590 115 881
3591 116 882
3592 119 889
3593 124 908
3594 131 945
3595 140 1006
3596 151 1097
3597 164 1224
3598 179 1393
3599 196 1610
3600 45 243
3601 46 244
3602 49 251
3603 54 270
3604 61 307
3605 70 368
3606 81 459
3607 94 586
3608 109 755
3609 126 972
3610 46 244
3611 47 245
3612 50 252
3613 55 271
3614 62 308
3615 71 369
3616 82 460
3617 95 587
3618 110 756
3619 127 973
3620 49 251
3621 50 252
3622 53 259
3623 58 278
3624 65 315
3625 74 376
3626 85 467
3627 98 594
3628 113 763
3629 130 980
3630 54 270
3631 55 271
3632 58 278
3633 63 297
3634 70 334
3635 79 395
3636 90 486
3637 103 613
3638 118 782
3639 135 999
3640 61 307
3641 62 308
3642 65 315
3643 70 334
3644 77 371
3645 86 432
3646 97 523
3647 110 650
3648 125 819
3649 142 1036
3650 70 368
3651 71 369
3652 74 376
3653 79 395
3654 86 432
3655 95 493
3656 106 584
3657 119 711
3658 134 880
3659 151 1097
3660 81 459
3661 82 460
3662 85 467
3663 90 486
3664 97 523
3665 106 584
3666 117 675
3667 130 802
3668 145 971
3669 162 1188
3670 94 586
3671 95 587
3672 98 594
3673 103 613
3674 110 650
3675 119 711
3676 130 802
3677 143 929
3678 158 1098
3679 175 1315
3680 109 755
3681 110 756
3682 113 763
3683 118 782
3684 125 819
3685 134 880
3686 145 971
3687 158 1098
3688 173 1267
3689 190 1484
3690 126 972
3691 127 973
3692 130 980
3693 135 999
3694 142 1036
3695 151 1097
3696 162 1188
3697 175 1315
3698 190 1484
3699 207 1701
3700 58 370
3701 59 371
3702 62 378
3703 67 397
3704 74 434
3705 83 495
3706 94 586
3707 107 713
3708 122 882
3709 139 1099
3710 59 371
3711 60 372
3712 63 379
3713 68 398
3714 75 435
3715 84 496
3716 95 587
3717 108 714
3718 123 883
3719 140 1100
3720 62 378
3721 63 379
3722 66 386
3723 71 405
3724 78 442
3725 87 503
3726 98 594
3727 111 721
3728 126 890
3729 143 1107
3730 67 397
3731 68 398
3732 71 405
3733 76 424
3734 83 461
3735 92 522
3736 103 613
3737 116 740
3738 131 909
3739 148 1126
3740 74 434
3741 75 435
3742 78 442
3743 83 461
3744 90 498
3745 99 559
3746 110 650
3747 123 777
3748 138 946
3749 155 1163
3750 83 495
3751 84 496
3752 87 503
3753 92 522
3754 99 559
3755 108 620
3756 119 711
3757 132 838
3758 147 1007
3759 164 1224
3760 94 586
3761 95 587
3762 98 594
3763 103 613
3764 110 650
3765 119 711
3766 130 802
3767 143 929
3768 158 1098
3769 175 1315
3770 107 713
3771 108 714
3772 111 721
3773 116 740
3774 123 777
3775 132 838
3776 143 929
3777 156 1056
3778 171 1225
3779 188 1442
3780 122 882
3781 123 883
3782 126 890
3783 131 909
3784 138 946
3785 147 1007
3786 158 1098
3787 171 1225
3788 186 1394
3789 203 1611
3790 139 1099
3791 140 1100
3792 143 1107
3793 148 1126
3794 155 1163
3795 164 1224
3796 175 1315
3797 188 1442
3798 203 1611
3799 220 1828
3800 73 539
3801 74 540
3802 77 547
3803 82 566
3804 89 603
3805 98 664
3806 109 755
3807 122 882
3808 137 1051
3809 154 1268
3810 74 540
3811 75 541
3812 78 548
3813 83 567
3814 90 604
3815 99 665
3816 110 756
3817 123 883
3818 138 1052
3819 155 1269
3820 77 547
3821 78 548
3822 81 555
3823 86 574
3824 93 611
3825 102 672
3826 113 763
3827 126 890
3828 141 1059
3829 158 1276
3830 82 566
3831 83 567
3832 86 574
3833 91 593
3834 98 630
3835 107 691
3836 118 782
3837 131 909
3838 146 1078
3839 163 1295
3840 89 603
3841 90 604
3842 93 611
3843 98 630
3844 105 667
3845 114 728
3846 125 819
3847 138 946
3848 153 1115
3849 170 1332
3850 98 664
3851 99 665
3852 102 672
3853 107 691
3854 114 728
3855 123 789
3856 134 880
3857 147 1007
3858 162 1176
3859 179 1393
3860 109 755
3861 110 756
3862 113 763
3863 118 782
3864 125 819
3865 134 880
3866 145 971
3867 158 1098
3868 173 1267
3869 190 1484
3870 122 882
3871 123 883
3872 126 890
3873 131 909
3874 138 946
3875 147 1007
3876 158 1098
3877 171 1225
3878 186 1394
3879 203 1611
3880 137 1051
3881 138 1052
3882 141 1059
3883 146 1078
3884 153 1115
3885 162 1176
3886 173 1267
3887 186 1394
3888 201 1563
3889 218 1780
3890 154 1268
3891 155 1269
3892 158 1276
3893 163 1295
3894 170 1332
3895 179 1393
3896 190 1484
3897 203 1611
3898 218 1780
3899 235 1997
3900 90 756
3901 91 757
3902 94 764
3903 99 783
3904 106 820
3905 115 881
3906 126 972
3907 139 1099
3908 154 1268
3909 171 1485
3910 91 757
3911 92 758
3912 95 765
3913 100 784
3914 107 821
3915 116 882
3916 127 973
3917 140 1100
3918 155 1269
3919 172 1486
3920 94 764
3921 95 765
3922 98 772
3923 103 791
3924 110 828
3925 119 889
3926 130 980
3927 143 1107
3928 158 1276
3929 175 1493
3930 99 783
3931 100 784
3932 103 791
3933 108 810
3934 115 847
3935 124 908
3936 135 999
3937 148 1126
3938 163 1295
3939 180 1512
3940 106 820
3941 107 821
3942 110 828
3943 115 847
3944 122 884
3945 131 945
3946 142 1036
3947 155 1163
3948 170 1332
3949 187 1549
3950 115 881
3951 116 882
3952 119 889
3953 124 908
3954 131 945
3955 140 1006
3956 151 1097
3957 164 1224
3958 179 1393
3959 196 1610
3960 126 972
3961 127 973
3962 130 980
3963 135 999
3964 142 1036
3965 151 1097
3966 162 1188
3967 175 1315
3968 190 1484
3969 207 1701
3970 139 1099
3971 140 1100
3972 143 1107
3973 148 1126
3974 155 1163
3975 164 1224
3976 175 1315
3977 188 1442
3978 203 1611
3979 220 1828
3980 154 1268
3981 155 1269
3982 158 1276
3983 163 1295
3984 170 1332
3985 179 1393
3986 190 1484
3987 203 1611
3988 218 1780
3989 235 1997
3990 171 1485
3991 172 1486
3992 175 1493
3993 180 1512
3994 187 1549
3995 196 1610
3996 207 1701
3997 220 1828
3998 235 1997
3999 252 2214
4000 16 64
4001 17 65
4002 20 72
4003 25 91
4004 32 128
4005 41 189
4006 52 280
4007 65 407
4008 80 576
4009 97 793
4010 17 65
4011 18 66
4012 21 73
4013 26 92
4014 33 129
4015 42 190
4016 53 281
4017 66 408
4018 81 577
4019 98 794
4020 20 72
4021 21 73
4022 24 80
4023 29 99
4024 36 136
4025 45 197
4026 56 288
4027 69 415
4028 84 584
4029 101 801
4030 25 91
4031 26 92
4032 29 99
4033 34 118
4034 41 155
4035 50 216
4036 61 307
4037 74 434
4038 89 603
4039 106 820
4040 32 128
4041 33 129
4042 36 136
4043 41 155
4044 48 192
4045 57 253
4046 68 344
4047 81 471
4048 96 640
4049 113 857
4050 41 189
4051 42 190
4052 45 197
4053 50 216
4054 57 253
4055 66 314
4056 77 405
4057 90 532
4058 105 701
4059 122 918
4060 52 280
4061 53 281
4062 56 288
4063 61 307
4064 68 344
4065 77 405
4066 88 496
4067 101 623
4068 116 792
4069 133 1009
4070 65 407
4071 66 408
4072 69 415
4073 74 434
4074 81 471
4075 90 532
4076 101 623
4077 114 750
4078 129 919
4079 146 1136
4080 80 576
4081 81 577
4082 84 584
4083 89 603
4084 96 640
4085 105 701
4086 116 792
4087 129 919
4088 144 1088
4089 161 1305
4090 97 793
4091 98 794
4092 101 801
4093 106 820
4094 113 857
4095 122 918
4096 133 1009
4097 146 1136
4098 161 1305
4099 178 1522
4100 17 65
4101 18 66
4102 21 73
4103 26 92
4104 33 129
4105 42 190
4106 53 281
4107 66 408
4108 81 577
4109 98 794
4110 18 66
4111 19 67
4112 22 74
4113 27 93
4114 34 130
4115 43 191
4116 54 282
4117 67 409
4118 82 578
4119 99 795
4120 21 73
4121 22 74
4122 25 81
4123 30 100
4124 37 137
4125 46 198
4126 57 289
4127 70 416
4128 85 585
4129 102 802
4130 26 92
4131 27 93
4132 30 100
4133 35 119
4134 42 156
4135 51 217
4136 62 308
4137 75 435
4138 90 604
4139 107 821
4140 33 129
4141 34 130
4142 37 137
4143 42 156
4144 49 193
4145 58 254
4146 69 345
4147 82 472
4148 97 641
4149 114 858
4150 42 190
4151 43 191
4152 46 198
4153 51 217
4154 58 254
4155 67 315
4156 78 406
4157 91 533
4158 106 702
4159 123 919
4160 53 281
4161 54 282
4162 57 289
4163 62 308
4164 69 345
4165 78 406
4166 89 497
4167 102 624
4168 117 793
4169 134 1010
4170 66 408
4171 67 409
4172 70 416
4173 75 435
4174 82 472
4175 91 533
4176 102 624
4177 115 751
4178 130 920
4179 147 1137
4180 81 577
4181 82 578
4182 85 585
4183 90 604
4184 97 641
4185 106 702
4186 117 793
4187 130 920
4188 145 1089
4189 162 1306
4190 98 794
4191 99 795
4192 102 802
4193 107 821
4194 114 858
4195 123 919
4196 134 1010
4197 147 1137
4198 162 1306
4199 179 1523
4200 20 72
4201 21 73
4202 24 80
4203 29 99
4204 36 136
4205 45 197
4206 56 288
4207 69 415
4208 84 584
4209 101 801
4210 21 73
4211 22 74
4212 25 81
4213 30 100
4214 37 137
4215 46 198
4216 57 289
4217 70 416
4218 85 585
4219 102 802
4220 24 80
4221 25 81
4222 28 88
4223 33 107
4224 40 144
4225 49 205
4226 60 296
4227 73 423
4228 88 592
4229 105 809
4230 29 99
4231 30 100
4232 33 107
4233 38 126
4234 45 163
4235 54 224
4236 65 315
4237 78 442
4238 93 611
4239 110 828
4240 36 136
4241 37 137
4242 40 144
4243 45 163
4244 52 200
4245 61 261
4246 72 352
4247 85 479
4248 100 648
4249 117 865
4250 45 197
4251 46 198
4252 49 205
4253 54 224
4254 61 261
4255 70 322
4256 81 413
4257 94 540
4258 109 709
4259 126 926
4260 56 288
4261 57 289
4262 60 296
4263 65 315
4264 72 352
4265 81 413
4266 92 504
4267 105 631
4268 120 800
4269 137 1017
4270 69 415
4271 70 416
4272 73 423
4273 78 442
4274 85 479
4275 94 540
4276 105 631
4277 118 758
4278 133 927
4279 150 1144
4280 84 584
4281 85 585
4282 88 592
4283 93 611
4284 100 648
4285 109 709
4286 120 800
4287 133 927
4288 148 1096
4289 165 1313
4290 101 801
4291 102 802
4292 105 809
4293 110 828
4294 117 865
4295 126 926
4296 137 1017
4297 150 1144
4298 165 1313
4299 182 1530
4300 25 91
4301 26 92
4302 29 99
4303 34 118
4304 41 155
4305 50 216
4306 61 307
4307 74 434
4308 89 603
4309 106 820
4310 26 92
4311 27 93
4312 30 100
4313 35 119
4314 42 156
4315 51 217
4316 62 308
4317 75 435
4318 90 604
4319 107 821
4320 29 99
4321 30 100
4322 33 107
4323 38 126
4324 45 163
4325 54 224
4326 65 315
4327 78 442
4328 93 611
4329 110 828
4330 34 118
4331 35 119
4332 38 126
4333 43 145
4334 50 182
4335 59 243
4336 70 334
4337 83 461
4338 98 630
4339 115 847
4340 41 155
4341 42 156
4342 45 163
4343 50 182
4344 57 219
4345 66 280
4346 77 371
4347 90 498
4348 105 667
4349 122 884
4350 50 216
4351 51 217
4352 54 224
4353 59 243
4354 66 280
4355 75 341
4356 86 432
4357 99 559
4358 114 728
4359 131 945
4360 61 307
4361 62 308
4362 65 315
4363 70 334
4364 77 371
4365 86 432
4366 97 523
4367 110 650
4368 125 819
4369 142 1036
4370 74 434
4371 75 435
4372 78 442
4373 83 461
4374 90 498
4375 99 559
4376 110 650
4377 123 777
4378 138 946
4379 155 1163
4380 89 603
4381 90 604
4382 93 611
4383 98 630
4384 105 667
4385 114 728
4386 125 819
4387 138 946
4388 153 1115
4389 170 1332
4390 106 820
4391 107 821
4392 110 828
4393 115 847
4394 122 884
4395 131 945
4396 142 1036
4397 155 1163
4398 170 1332
4399 187 1549
4400 32 128
4401 33 129
4402 36 136
4403 41 155
4404 48 192
4405 57 253
4406 68 344
4407 81 471
4408 96 640
4409 113 857
4410 33 129
4411 34 130
4412 37 137
4413 42 156
4414 49 193
4415 58 254
4416 69 345
4417 82 472
4418 97 641
4419 114 858
4420 36 136
4421 37 137
4422 40 144
4423 45 163
4424 52 200
4425 61 261
4426 72 352
4427 85 479
4428 100 648
4429 117 865
4430 41 155
4431 42 156
4432 45 163
4433 50 182
4434 57 219
4435 66 280
4436 77 371
4437 90 498
4438 105 667
4439 122 884
4440 48 192
4441 49 193
4442 52 200
4443 57 219
4444 64 256
4445 73 317
4446 84 408
4447 97 535
4448 112 704
4449 129 921
4450 57 253
4451 58 254
4452 61 261
4453 66 280
4454 73 317
4455 82 378
4456 93 469
4457 106 596
4458 121 765
4459 138 982
4460 68 344
4461 69 345
4462 72 352
4463 77 371
4464 84 408
4465 93 469
4466 104 560
4467 117 687
4468 132 856
4469 149 1073
4470 81 471
4471 82 472
4472 85 479
4473 90 498
4474 97 535
4475 106 596
4476 117 687
4477 130 814
4478 145 983
4479 162 1200
4480 96 640
4481 97 641
4482 100 648
4483 105 667
4484 112 704
4485 121 765
4486 132 856
4487 145 983
4488 160 1152
4489 177 1369
4490 113 857
4491 114 858
4492 117 865
4493 122 884
4494 129 921
4495 138 982
4496 149 1073
4497 162 1200
4498 177 1369
4499 194 1586
4500 41 189
4501 42 190
4502 45 197
4503 50 216
4504 57 253
4505 66 314
4506 77 405
4507 90 532
4508 105 701
4509 122 918
4510 42 190
4511 43 191
4512 46 198
4513 51 217
4514 58 254
4515 67 315
4516 78 406
4517 91 533
4518 106 702
4519 123 919
4520 45 197
4521 46 198
4522 49 205
4523 54 224
4524 61 261
4525 70 322
4526 81 413
4527 94 540
4528 109 709
4529 126 926
4530 50 216
4531 51 217
4532 54 224
4533 59 243
4534 66 280
4535 75 341
4536 86 432
4537 99 559
4538 114 728
4539 131 945
4540 57 253
4541 58 254
4542 61 261
4543 66 280
4544 73 317
4545 82 378
4546 93 469
4547 106 596
4548 121 765
4549 138 982
4550 66 314
4551 67 315
4552 70 322
4553 75 341
4554 82 378
4555 91 439
4556 102 530
4557 115 657
4558 130 826
4559 147 1043
4560 77 405
4561 78 406
4562 81 413
4563 86 432
4564 93 469
4565 102 530
4566 113 621
4567 126 748
4568 141 917
4569 158 1134
4570 90 532
4571 91 533
4572 94 540
4573 99 559
4574 106 596
4575 115 657
4576 126 748
4577 139 875
4578 154 1044
4579 171 1261
4580 105 701
4581 106 702
4582 109 709
4583 114 728
4584 121 765
4585 130 826
4586 141 917
4587 154 1044
4588 169 1213
4589 186 1430
4590 122 918
4591 123 919
4592 126 926
4593 131 945
4594 138 982
4595 147 1043
4596 158 1134
4597 171 1261
4598 186 1430
4599 203 1647
4600 52 280
4601 53 281
4602 56 288
4603 61 307
4604 68 344
4605 77 405
4606 88 496
4607 101 623
4608 116 792
4609 133 1009
4610 53 281
4611 54 282
4612 57 289
4613 62 308
4614 69 345
4615 78 406
4616 89 497
4617 102 624
4618 117 793
4619 134 1010
4620 56 288
4621 57 289
4622 60 296
4623 65 315
4624 72 352
4625 81 413
4626 92 504
4627 105 631
4628 120 800
4629 137 1017
4630 61 307
4631 62 308
4632 65 315
4633 70 334
4634 77 371
4635 86 432
4636 97 523
4637 110 650
4638 125 819
4639 142 1036
4640 68 344
4641 69 345
4642 72 352
4643 77 371
4644 84 408
4645 93 469
4646 104 560
4647 117 687
4648 132 856
4649 149 1073
4650 77 405
4651 78 406
4652 81 413
4653 86 432
4654 93 469
4655 102 530
4656 113 621
4657 126 748
4658 141 917
4659 158 1134
4660 88 496
4661 89 497
4662 92 504
4663 97 523
4664 104 560
4665 113 621
4666 124 712
4667 137 839
4668 152 1008
4669 169 1225
4670 101 623
4671 102 624
4672 105 631
4673 110 650
4674 117 687
4675 126 748
4676 137 839
4677 150 966
4678 165 1135
4679 182 1352
4680 116 792
4681 117 793
4682 120 800
4683 125 819
4684 132 856
4685 141 917
4686 152 1008
4687 165 1135
4688 180 1304
4689 197 1521
4690 133 1009
4691 134 1010
4692 137 1017
4693 142 1036
4694 149 1073
4695 158 1134
4696 169 1225
4697 182 1352
4698 197 1521
4699 214 1738
4700 65 407
4701 66 408
4702 69 415
4703 74 434
4704 81 471
4705 90 532
4706 101 623
4707 114 750
4708 129 919
4709 146 1136
4710 66 408
4711 67 409
4712 70 416
4713 75 435
4714 82 472
4715 91 533
4716 102 624
4717 115 751
4718 130 920
4719 147 1137
4720 69 415
4721 70 416
4722 73 423
4723 78 442
4724 85 479
4725 94 540
4726 105 631
4727 118 758
4728 133 927
4729 150 1144
4730 74 434
4731 75 435
4732 78 442
4733 83 461
4734 90 498
4735 99 559
4736 110 650
4737 123 777
4738 138 946
4739 155 1163
4740 81 471
4741 82 472
4742 85 479
4743 90 498
4744 97 535
4745 106 596
4746 117 687
4747 130 814
4748 145 983
4749 162 1200
4750 90 532
4751 91 533
4752 94 540
4753 99 559
4754 106 596
4755 115 657
4756 126 748
4757 139 875
4758 154 1044
4759 171 1261
4760 101 623
4761 102 624
4762 105 631
4763 110 650
4764 117 687
4765 126 748
4766 137 839
4767 150 966
4768 165 1135
4769 182 1352
4770 114 750
4771 115 751
4772 118 758
4773 123 777
4774 130 814
4775 139 875
4776 150 966
4777 163 1093
4778 178 1262
4779 195 1479
4780 129 919
4781 130 920
4782 133 927
4783 138 946
4784 145 983
4785 154 1044
4786 165 1135
4787 178 1262
4788 193 1431
4789 210 1648
4790 146 1136
4791 147 1137
4792 150 1144
4793 155 1163
4794 162 1200
4795 171 1261
4796 182 1352
4797 195 1479
4798 210 1648
4799 227 1865
4800 80 576
4801 81 577
4802 84 584
4803 89 603
4804 96 640
4805 105 701
4806 116 792
4807 129 919
4808 144 1088
4809 161 1305
4810 81 577
4811 82 578
4812 85 585
4813 90 604
4814 97 641
4815 106 702
4816 117 793
4817 130 920
4818 145 1089
4819 162 1306
4820 84 584
4821 85 585
4822 88 592
4823 93 611
4824 100 648
4825 109 709
4826 120 800
4827 133 927
4828 148 1096
4829 165 1313
4830 89 603
4831 90 604
4832 93 611
4833 98 630
4834 105 667
4835 114 728
4836 125 819
4837 138 946
4838 153 1115
4839 170 1332
4840 96 640
4841 97 641
4842 100 648
4843 105 667
4844 112 704
4845 121 765
4846 132 856
4847 145 983
4848 160 1152
4849 177 1369
4850 105 701
4851 106 702
4852 109 709
4853 114 728
4854 121 765
4855 130 826
4856 141 917
4857 154 1044
4858 169 1213
4859 186 1430
4860 116 792
4861 117 793
4862 120 800
4863 125 819
4864 132 856
4865 141 917
4866 152 1008
4867 165 1135
4868 180 1304
4869 197 1521
4870 129 919
4871 130 920
4872 133 927
4873 138 946
4874 145 983
4875 154 1044
4876 165 1135
4877 178 1262
4878 193 1431
4879 210 1648
4880 144 1088
4881 145 1089
4882 148 1096
4883 153 1115
4884 160 1152
4885 169 1213
4886 180 1304
4887 193 1431
4888 208 1600
4889 225 1817
4890 161 1305
4891 162 1306
4892 165 1313
4893 170 1332
4894 177 1369
4895 186 1430
4896 197 1521
4897 210 1648
4898 225 1817
4899 242 2034
4900 97 793
4901 98 794
4902 101 801
4903 106 820
4904 113 857
4905 122 918
4906 133 1009
4907 146 1136
4908 161 1305
4909 178 1522
4910 98 794
4911 99 795
4912 102 802
4913 107 821
4914 114 858
4915 123 919
4916 134 1010
4917 147 1137
4918 162 1306
4919 179 1523
4920 101 801
4921 102 802
4922 105 809
4923 110 828
4924 117 865
4925 126 926
4926 137 1017
4927 150 1144
4928 165 1313
4929 182 1530
4930 106 820
4931 107 821
4932 110 828
4933 115 847
4934 122 884
4935 131 945
4936 142 1036
4937 155 1163
4938 170 1332
4939 187 1549
4940 113 857
4941 114 858
4942 117 865
4943 122 884
4944 129 921
4945 138 982
4946 149 1073
4947 162 1200
4948 177 1369
4949 194 1586
4950 122 918
4951 123 919
4952 126 926
4953 131 945
4954 138 982
4955 147 1043
4956 158 1134
4957 171 1261
4958 186 1430
4959 203 1647
4960 133 1009
4961 134 1010
4962 137 1017
4963 142 1036
4964 149 1073
4965 158 1134
4966 169 1225
4967 182 1352
4968 197 1521
4969 214 1738
4970 146 1136
4971 147 1137
4972 150 1144
4973 155 1163
4974 162 1200
4975 171 1261
4976 182 1352
4977 195 1479
4978 210 1648
4979 227 1865
4980 161 1305
4981 162 1306
4982 165 1313
4983 170 1332
4984 177 1369
4985 186 1430
4986 197 1521
4987 210 1648
4988 225 1817
4989 242 2034
4990 178 1522
4991 179 1523
4992 182 1530
4993 187 1549
4994 194 1586
4995 203 1647
4996 214 1738
4997 227 1865
4998 242 2034
4999 259 2251
